name: geo
channels:
  - conda-forge
  - defaults
dependencies:
  - backcall=0.2.0=pyh9f0ad1d_0
  - backports=1.0=py_2
  - backports.functools_lru_cache=1.6.4=pyhd8ed1ab_0
  - bzip2=1.0.8=h8ffe710_4
  - ca-certificates=2021.10.8=h5b45459_0
  - colorama=0.4.4=pyh9f0ad1d_0
  - debugpy=1.5.1=py310h8a704f9_0
  - decorator=5.1.1=pyhd8ed1ab_0
  - entrypoints=0.3=pyhd8ed1ab_1003
  - geos=3.10.1=h39d44d4_1
  - intel-openmp=2022.0.0=h57928b3_3663
  - ipykernel=6.6.1=py310hbbfc1a7_0
  - ipython=7.31.0=py310h5588dad_0
  - jedi=0.18.1=py310h5588dad_0
  - jupyter_client=7.1.0=pyhd8ed1ab_0
  - jupyter_core=4.9.1=py310h5588dad_1
  - libblas=3.9.0=12_win64_mkl
  - libcblas=3.9.0=12_win64_mkl
  - libffi=3.4.2=h8ffe710_5
  - liblapack=3.9.0=12_win64_mkl
  - libsodium=1.0.18=h8d14728_1
  - libzlib=1.2.11=h8ffe710_1013
  - matplotlib-inline=0.1.3=pyhd8ed1ab_0
  - mkl=2021.4.0=h0e2418a_729
  - nest-asyncio=1.5.4=pyhd8ed1ab_0
  - numpy=1.22.0=py310hcae7c84_0
  - openssl=3.0.0=h8ffe710_2
  - parso=0.8.3=pyhd8ed1ab_0
  - pickleshare=0.7.5=py_1003
  - pip=21.3.1=pyhd8ed1ab_0
  - prompt-toolkit=3.0.24=pyha770c72_0
  - pygments=2.11.2=pyhd8ed1ab_0
  - python=3.10.1=hcf16a7b_2_cpython
  - python-dateutil=2.8.2=pyhd8ed1ab_0
  - python_abi=3.10=2_cp310
  - pywin32=303=py310he2412df_0
  - pyzmq=22.3.0=py310h73ada01_1
  - setuptools=60.5.0=py310h5588dad_0
  - shapely=1.8.0=py310h43cee16_4
  - six=1.16.0=pyh6c4a22f_0
  - sqlite=3.37.0=h8ffe710_0
  - tbb=2021.5.0=h2d74725_0
  - tk=8.6.11=h8ffe710_1
  - tornado=6.1=py310he2412df_2
  - traitlets=5.1.1=pyhd8ed1ab_0
  - tzdata=2021e=he74cb21_0
  - ucrt=10.0.20348.0=h57928b3_0
  - vc=14.2=hb210afc_6
  - vs2015_runtime=14.29.30037=h902a5da_6
  - wcwidth=0.2.5=pyh9f0ad1d_2
  - wheel=0.37.1=pyhd8ed1ab_0
  - xz=5.2.5=h62dcd97_1
  - zeromq=4.3.4=h0e60522_1
  - pip:
    - asttokens==2.0.5
    - cycler==0.11.0
    - descartes==1.1.0
    - executing==0.8.2
    - fonttools==4.28.5
    - icecream==2.1.1
    - kiwisolver==1.3.2
    - matplotlib==3.5.1
    - packaging==21.3
    - pillow==9.0.0
    - pyparsing==3.0.6
prefix: C:\Users\denve\anaconda3\envs\geo

